TIME,CONFIRMED,RECOVERED,DEATHS,ACTIVE,CONFIRMED.spb,HOSPITALIZED.today,PCR.tested,v1.CS,v2.CS,Yandex.ACTIVITY.points,CONFIRMED.spb_MAM,CONFIRMED_RES
2020-03-02,0,0,0,0,,,,,,97.0,,0.0
2020-03-03,0,0,0,0,,,,,,100.0,,0.0
2020-03-04,1,0,0,1,,,,,,99.0,,1.0
2020-03-05,0,0,0,1,,,,,,99.0,,0.0
2020-03-06,1,0,0,2,,,,,,100.0,,1.0
2020-03-07,0,0,0,2,,,,,,55.0,,0.0
2020-03-08,0,0,0,2,,,,,,43.0,,0.0
2020-03-09,0,0,0,2,,,,,,43.0,,0.0
2020-03-10,0,0,0,2,,,,,,99.0,,0.0
2020-03-11,0,0,0,2,,,,,,99.0,,0.0
2020-03-12,3,0,0,5,,,,,,98.0,,3.0
2020-03-13,1,0,0,6,,,,,,96.0,,1.0
2020-03-14,0,0,0,6,,,,,,53.0,,0.0
2020-03-15,3,2,0,7,,,,,,38.0,,3.0
2020-03-16,0,0,0,7,,,,,,92.0,,0.0
2020-03-17,0,0,0,7,,,,,,93.0,,0.0
2020-03-18,1,0,0,8,,,,,,87.0,,1.0
2020-03-19,4,0,0,12,,,,,,85.0,,4.0
2020-03-20,2,0,0,14,,,,,,84.0,,2.0
2020-03-21,0,0,0,14,,,,,,43.0,,0.0
2020-03-22,0,0,0,14,,,,,,32.0,,0.0
2020-03-23,5,0,0,19,,,,,,81.0,,5.0
2020-03-24,0,0,0,19,,,,,,81.0,,0.0
2020-03-25,5,3,0,21,,,,,,81.0,,5.0
2020-03-26,0,0,0,21,,,,,,79.0,,0.0
2020-03-27,11,0,0,32,,,,,,80.0,,11.0
2020-03-28,5,0,1,36,,,,,,26.0,,5.0
2020-03-29,8,0,0,44,,,,,,9.0,,8.0
2020-03-30,48,2,1,89,,,,,,26.0,,48.0
2020-03-31,27,0,0,116,,,,,,19.0,,27.0
2020-04-01,22,0,0,138,,,,,,13.0,,22.0
2020-04-02,9,0,0,147,,17.0,,,,12.0,,9.0
2020-04-03,15,0,0,162,,31.0,,,,15.0,,15.0
2020-04-04,20,0,0,182,,19.0,,,,4.0,,20.0
2020-04-05,35,25,0,192,,17.0,2263.0,,,0.0,,35.0
2020-04-06,69,0,0,261,,13.0,3241.0,,,28.0,,69.0
2020-04-07,34,0,0,295,,8.0,6957.0,,,32.0,,34.0
2020-04-08,44,11,2,326,,39.0,3279.0,,,32.0,,44.0
2020-04-09,35,0,0,361,,88.0,8811.0,,,30.0,,35.0
2020-04-10,80,31,0,410,,95.0,6736.0,,,33.0,,80.0
2020-04-11,69,0,0,479,,701.0,7554.0,,,13.0,,69.0
2020-04-12,121,4,0,596,,372.0,5589.0,,,3.0,,121.0
2020-04-13,121,0,0,717,,84.0,1821.0,,,34.0,,121.0
2020-04-14,130,17,1,829,,279.0,4703.0,,,34.0,,130.0
2020-04-15,154,15,2,966,,1129.0,3844.0,,,35.0,,154.0
2020-04-16,424,21,0,1369,,396.0,7900.0,,,34.0,,424.0
2020-04-17,139,101,1,1406,,371.0,9413.0,,,35.0,,139.0
2020-04-18,114,7,0,1513,,176.0,8763.0,,,12.0,,114.0
2020-04-19,86,2,0,1597,,237.0,9222.0,,,4.0,,86.0
2020-04-20,127,39,3,1682,,494.0,4768.0,,,35.0,,127.0
2020-04-21,294,47,3,1926,,517.0,7209.0,,,38.0,,294.0
2020-04-22,191,41,3,2073,,323.0,7471.0,,,38.0,,191.0
2020-04-23,253,43,3,2280,,616.0,8196.0,,,38.0,,253.0
2020-04-24,215,49,3,2443,,385.0,8778.0,,,38.0,,215.0
2020-04-25,151,29,4,2561,,522.0,9335.0,,,19.0,,151.0
2020-04-26,161,0,0,2722,,,8410.0,,,10.0,,161.0
2020-04-27,198,55,0,2865,,446.0,5821.0,,,41.0,,198.0
2020-04-28,290,164,2,2989,,385.0,5000.0,,,42.0,,290.0
2020-04-29,336,71,0,3254,,374.0,10863.0,,,41.0,,336.0
2020-04-30,349,0,4,3599,,344.0,12213.0,,,46.0,,349.0
2020-05-01,323,98,0,3824,,580.0,7362.0,,,23.0,,323.0
2020-05-02,295,184,1,3934,,113.0,7737.0,,,24.0,,295.0
2020-05-03,317,136,3,4112,,1038.0,5379.0,,,13.0,,317.0
2020-05-04,226,271,0,4067,,297.0,3104.0,,,26.0,,226.0
2020-05-05,312,64,3,4312,,759.0,5241.0,,,29.0,,312.0
2020-05-06,306,20,4,4594,,544.0,4594.0,,,49.0,,306.0
2020-05-07,375,45,4,4920,,772.0,7241.0,,,46.0,,375.0
2020-05-08,425,65,5,5275,,564.0,11324.0,,,48.0,,425.0
2020-05-09,414,12,0,5677,,694.0,12562.0,,,22.0,,414.0
2020-05-10,307,7,3,5974,,580.0,9182.0,,,23.0,,307.0
2020-05-11,339,103,2,6208,,578.0,2847.0,,,27.0,,339.0
2020-05-12,435,64,5,6574,,1056.0,7572.0,,,51.0,,435.0
2020-05-13,460,51,6,6977,,543.0,9146.0,,,53.0,,460.0
2020-05-14,541,106,5,7407,,711.0,10613.0,,,52.0,,541.0
2020-05-15,525,104,6,7822,,581.0,11728.0,,,52.0,,525.0
2020-05-16,451,66,5,8202,,196.0,13827.0,,,26.0,,451.0
2020-05-17,425,34,5,8588,,903.0,8200.0,,,20.0,,425.0
2020-05-18,453,63,5,8973,,616.0,2792.0,,,53.0,,453.0
2020-05-19,455,208,4,9216,,772.0,13330.0,,,57.0,,455.0
2020-05-20,408,181,5,9438,,1140.0,11351.0,,,56.0,,408.0
2020-05-21,389,198,3,9626,,366.0,13766.0,,,53.0,,389.0
2020-05-22,363,265,6,9718,,878.0,14407.0,,,58.0,,363.0
2020-05-23,384,328,20,9754,,696.0,14608.0,,,36.0,,384.0
2020-05-24,374,138,5,9985,,545.0,10365.0,,,29.0,,374.0
2020-05-25,363,154,12,10182,,701.0,3312.0,,,64.0,,363.0
2020-05-26,387,714,8,9847,,754.0,11036.0,,,67.0,,387.0
2020-05-27,383,325,9,9896,,190.0,12692.0,,,67.0,,383.0
2020-05-28,369,330,11,9924,,769.0,14293.0,,,64.0,,369.0
2020-05-29,365,260,13,10016,,919.0,14648.0,,,67.0,,365.0
2020-05-30,369,307,13,10065,,744.0,13972.0,,,41.0,,369.0
2020-05-31,364,68,9,10352,,565.0,10124.0,,,28.0,,364.0
2020-06-01,376,260,10,10458,,744.0,4663.0,,,69.0,,376.0
2020-06-02,380,323,17,10498,,674.0,11352.0,,,72.0,,380.0
2020-06-03,375,364,24,10485,,775.0,13336.0,,,71.0,,375.0
2020-06-04,378,381,27,10455,,655.0,15311.0,,,66.0,,378.0
2020-06-05,347,386,55,10361,,785.0,22397.0,,,69.0,,347.0
2020-06-06,340,297,31,10373,,599.0,22479.0,,,38.0,,340.0
2020-06-07,326,156,15,10528,,454.0,18850.0,,,37.0,,326.0
2020-06-08,318,186,41,10619,,1029.0,12175.0,,,74.0,,318.0
2020-06-09,313,420,49,10463,,718.0,18802.0,,,76.0,,313.0
2020-06-10,303,343,38,10385,,612.0,21585.0,,,76.0,,303.0
2020-06-11,274,412,41,10206,,661.0,20592.0,,,75.0,,274.0
2020-06-12,262,285,8,10175,,759.0,25793.0,,,49.0,,262.0
2020-06-13,256,116,28,10287,,519.0,21042.0,,,47.0,,256.0
2020-06-14,252,62,38,10439,,489.0,15405.0,,,41.0,,252.0
2020-06-15,234,232,54,10387,,693.0,13502.0,,,81.0,,234.0
2020-06-16,228,716,38,9861,,473.0,20284.0,,,81.0,,228.0
2020-06-17,231,637,29,9426,,769.0,18545.0,,,82.0,,231.0
2020-06-18,228,847,37,8770,,569.0,23137.0,,,83.0,,228.0
2020-06-19,232,794,21,8187,,457.0,23428.0,,,82.0,,232.0
2020-06-20,229,498,26,7892,,414.0,22900.0,,,52.0,,229.0
2020-06-21,217,184,29,7896,,189.0,19974.0,,,42.0,,217.0
2020-06-22,220,221,35,7860,,550.0,11637.0,,,84.0,,220.0
2020-06-23,218,643,38,7397,,163.0,16675.0,,,87.0,,218.0
2020-06-24,221,589,19,7010,,358.0,17513.0,,,55.0,,221.0
2020-06-25,223,395,47,6791,,446.0,17364.0,,,87.0,,223.0
2020-06-26,224,716,57,6242,,525.0,20875.0,,,87.0,,224.0
2020-06-27,217,598,21,5840,,358.0,21201.0,,,58.0,,217.0
2020-06-28,219,247,19,5793,,216.0,15911.0,,,43.0,,219.0
2020-06-29,253,254,31,5761,,375.0,10975.0,,,89.0,,253.0
2020-06-30,262,845,46,5132,,356.0,15857.0,,,85.0,,262.0
2020-07-01,258,849,45,4496,,242.0,16966.0,,,52.0,,258.0
2020-07-02,263,491,45,4223,,298.0,16426.0,,,87.0,,263.0
2020-07-03,271,251,31,4212,,314.0,18221.0,,,89.0,,271.0
2020-07-04,275,248,42,4197,,218.0,19532.0,,,56.0,,275.0
2020-07-05,280,180,44,4253,,223.0,17036.0,,,36.0,,280.0
2020-07-06,278,185,48,4298,,239.0,11047.0,,,88.0,,278.0
2020-07-07,295,193,47,4353,,250.0,13857.0,,,91.0,,295.0
2020-07-08,292,182,36,4427,,293.0,14737.0,,,89.0,,292.0
2020-07-09,300,156,21,4550,,180.0,17801.0,,,90.0,,300.0
2020-07-10,296,181,42,4623,,237.0,19586.0,,,90.0,,296.0
2020-07-11,293,162,20,4734,,240.0,18709.0,,,50.0,,293.0
2020-07-12,291,152,23,4850,,127.0,14856.0,,,46.0,,291.0
2020-07-13,281,194,31,4906,,236.0,9621.0,,,89.0,,281.0
2020-07-14,264,167,19,4984,,152.0,13195.0,,,92.0,,264.0
2020-07-15,256,149,22,5069,,218.0,15676.0,,,91.0,,256.0
2020-07-16,244,156,30,5127,,212.0,14581.0,,,91.0,,244.0
2020-07-17,238,161,27,5177,,258.0,17019.0,,,93.0,,238.0
2020-07-18,202,101,26,5252,,238.0,15719.0,,,65.0,,202.0
2020-07-19,195,112,26,5309,,168.0,13272.0,,,51.0,,195.0
2020-07-20,189,93,27,5378,,204.0,8646.0,,,91.0,,189.0
2020-07-21,186,95,28,5441,,280.0,14391.0,,,93.0,,186.0
2020-07-22,184,101,19,5505,,256.0,14962.0,,,86.0,,184.0
2020-07-23,181,93,27,5566,,186.0,18348.0,,,89.0,,181.0
2020-07-24,179,82,28,5635,,216.0,17016.0,,,91.0,,179.0
2020-07-25,175,79,9,5722,,172.0,16894.0,,,52.0,,175.0
2020-07-26,172,75,10,5809,,135.0,13211.0,,,56.0,,172.0
2020-07-27,168,81,23,5873,,,9770.0,,,94.0,,168.0
2020-07-28,165,75,23,5940,,205.0,10801.0,,,89.0,,165.0
2020-07-29,162,93,22,5987,,219.0,12971.0,,,90.0,,162.0
2020-07-30,159,78,20,6048,,194.0,15357.0,,,91.0,,159.0
2020-07-31,161,96,9,6104,,225.0,17047.0,,,86.0,,161.0
2020-08-01,163,86,4,6177,,153.0,19541.0,,,62.0,,163.0
2020-08-02,160,75,6,6256,,125.0,14461.0,,,52.0,,160.0
2020-08-03,158,85,22,6307,,233.0,9244.0,,,90.0,,158.0
2020-08-04,156,37,18,6408,,214.0,9814.0,,,89.0,,156.0
2020-08-05,159,84,16,6467,,224.0,14460.0,,,91.0,,159.0
2020-08-06,157,93,18,6513,,205.0,18133.0,,,94.0,,157.0
2020-08-07,155,83,10,6575,,242.0,18053.0,,,93.0,,155.0
2020-08-08,160,33,3,6699,,124.0,17178.0,,,65.0,,160.0
2020-08-09,157,45,7,6804,,77.0,13698.0,,,55.0,,157.0
2020-08-10,157,78,20,6863,,246.0,8963.0,,,93.0,,157.0
2020-08-11,161,93,12,6919,,208.0,12050.0,,,91.0,,161.0
2020-08-12,160,96,15,6968,,186.0,14647.0,,,91.0,,160.0
2020-08-13,159,72,22,7033,,226.0,17307.0,,,93.0,,159.0
2020-08-14,162,76,20,7099,,225.0,17097.0,,,93.0,,162.0
2020-08-15,163,53,10,7199,,161.0,19324.0,,,62.0,,163.0
2020-08-16,159,69,2,7287,,131.0,15918.0,,,54.0,,159.0
2020-08-17,157,83,19,7342,,186.0,8027.0,,,93.0,,157.0
2020-08-18,162,86,17,7401,,181.0,13453.0,,,95.0,,162.0
2020-08-19,160,83,15,7463,,240.0,16941.0,,,94.0,,160.0
2020-08-20,181,101,6,7537,,164.0,20436.0,,,95.0,,181.0
2020-08-21,183,110,18,7592,,201.0,20599.0,,,94.0,,183.0
2020-08-22,180,63,10,7699,,115.0,20648.0,,,64.0,,180.0
2020-08-23,182,65,0,7816,,109.0,15681.0,,,46.0,,182.0
2020-08-24,179,89,15,7891,,182.0,10863.0,,,91.0,,179.0
2020-08-25,181,75,18,7979,,217.0,15711.0,,,93.0,,181.0
2020-08-26,184,65,17,8081,,173.0,18795.0,,,92.0,,184.0
2020-08-27,187,86,9,8173,,172.0,21334.0,,,87.0,,187.0
2020-08-28,189,95,15,8252,,138.0,21767.0,,,90.0,,189.0
2020-08-29,186,68,5,8365,,128.0,21837.0,,,61.0,,186.0
2020-08-30,188,96,0,8457,,84.0,18093.0,,,47.0,,188.0
2020-08-31,185,86,19,8537,,215.0,10203.0,,,91.0,,185.0
2020-09-01,189,106,21,8599,,205.0,16953.0,,,94.0,,189.0
2020-09-02,191,112,22,8656,,201.0,19467.0,,,96.0,,191.0
2020-09-03,193,101,20,8728,,180.0,21351.0,,,97.0,,193.0
2020-09-04,195,96,19,8808,,245.0,22715.0,,,97.0,,195.0
2020-09-05,192,75,10,8915,,160.0,22276.0,,,61.0,,192.0
2020-09-06,196,65,0,9046,,129.0,17891.0,,,44.0,,196.0
2020-09-07,210,123,20,9113,,237.0,12995.0,,,95.0,,210.0
2020-09-08,218,111,22,9198,,243.0,15431.0,,,96.0,,218.0
2020-09-09,215,112,16,9285,,200.0,18785.0,,,94.0,,215.0
2020-09-10,216,105,17,9379,,231.0,23722.0,,,89.0,,216.0
2020-09-11,203,105,23,9454,,233.0,23789.0,,,93.0,,203.0
2020-09-12,206,104,20,9536,,185.0,23796.0,,,58.0,,206.0
2020-09-13,199,100,0,9635,,157.0,18522.0,,,42.0,,199.0
2020-09-14,206,104,26,9711,,180.0,11050.0,,,95.0,,206.0
2020-09-15,207,105,25,9788,,269.0,17981.0,,,97.0,,207.0
2020-09-16,211,107,24,9868,,257.0,23625.0,,,93.0,,211.0
2020-09-17,206,104,19,9951,,213.0,24078.0,,,92.0,,206.0
2020-09-18,212,107,18,10038,,281.0,23994.0,,,93.0,,212.0
2020-09-19,214,108,15,10129,,207.0,24634.0,,,61.0,,214.0
2020-09-20,209,105,0,10233,,176.0,19225.0,,,46.0,,209.0
2020-09-21,211,106,25,10313,,287.0,12301.0,,,94.0,,211.0
2020-09-22,208,105,15,10401,,299.0,18137.0,,,97.0,,208.0
2020-09-23,215,110,22,10484,,262.0,23060.0,,,,,215.0
2020-09-24,224,210,19,10479,,303.0,25701.0,,,99.0,,224.0
2020-09-25,232,116,27,10568,,292.0,28252.0,,,99.0,,232.0
2020-09-26,227,114,9,10672,,232.0,26201.0,,,68.0,,227.0
2020-09-27,237,119,0,10790,,232.0,22048.0,,,53.0,,237.0
2020-09-28,251,126,30,10885,,308.0,15646.0,,,96.0,,251.0
2020-09-29,276,138,26,10997,,356.0,24390.0,,,97.0,,276.0
2020-09-30,285,143,22,11117,,330.0,26652.0,,,97.0,,285.0
2020-10-01,302,151,32,11236,,353.0,29205.0,,,97.0,,302.0
2020-10-02,358,179,30,11385,,398.0,30687.0,,,95.0,,358.0
2020-10-03,392,196,25,11556,,258.0,28781.0,,,59.0,,392.0
2020-10-04,407,204,14,11745,,217.0,21004.0,,,40.0,,407.0
2020-10-05,411,206,34,11916,,375.0,13686.0,,,92.0,,411.0
2020-10-06,456,228,30,12114,,432.0,24161.0,,,92.0,,456.0
2020-10-07,461,231,25,12319,,358.0,28993.0,,,92.0,,461.0
2020-10-08,469,235,22,12531,,386.0,29488.0,,,92.0,,469.0
2020-10-09,501,251,36,12745,,404.0,30236.0,,,93.0,,501.0
2020-10-10,528,264,21,12988,,410.0,29670.0,,,60.0,,528.0
2020-10-11,538,269,0,13257,,244.0,24153.0,,,39.0,,538.0
2020-10-12,557,278,34,13502,,269.0,15216.0,,,88.0,,557.0
2020-10-13,602,300,30,13774,,501.0,26931.0,,,90.0,,602.0
2020-10-14,638,319,46,14047,,388.0,34287.0,,,91.0,,638.0
2020-10-15,647,322,25,14347,,430.0,35207.0,,,91.0,,647.0
2020-10-16,659,330,31,14645,,417.0,30944.0,,,90.0,,659.0
2020-10-17,674,337,15,14967,,454.0,32736.0,,,54.0,,674.0
2020-10-18,686,340,0,15313,,332.0,27633.0,,,35.0,,686.0
2020-10-19,695,348,38,15622,,316.0,25742.0,,,86.0,,695.0
2020-10-20,684,343,49,15914,,564.0,32259.0,,,88.0,,684.0
2020-10-21,697,349,24,16238,,473.0,30195.0,,,87.0,,697.0
2020-10-22,710,355,32,16561,,475.0,33986.0,,,84.0,,710.0
2020-10-23,713,401,37,16836,,483.0,40898.0,,,85.0,,713.0
2020-10-24,709,387,25,17133,,546.0,37748.0,,,51.0,,709.0
2020-10-25,715,390,0,17458,,395.0,30074.0,,,37.0,,715.0
2020-10-26,721,403,47,17729,,354.0,21663.0,,,81.0,,721.0
2020-10-27,727,415,57,17984,,642.0,33424.0,,,82.0,,727.0
2020-10-28,758,424,34,18284,,625.0,38326.0,,,81.0,,758.0
2020-10-29,801,417,36,18632,,620.0,38424.0,,,81.0,,801.0
2020-10-30,854,441,42,19003,,618.0,36176.0,,,80.0,,854.0
2020-10-31,896,457,29,19413,,639.0,37870.0,,,50.0,,896.0
2020-11-01,923,449,1,19886,,451.0,33949.0,,,38.0,,923.0
2020-11-02,944,484,59,20287,,487.0,21507.0,,,77.0,,944.0
2020-11-03,1031,527,66,20725,,707.0,30663.0,,,77.0,,1031.0
2020-11-04,1093,523,26,21269,,658.0,36323.0,,,42.0,,1093.0
2020-11-05,1171,563,54,21823,,682.0,34319.0,,,77.0,,1171.0
2020-11-06,1258,651,53,22377,,807.0,44536.0,,,78.0,,1258.0
2020-11-07,1331,605,31,23072,,806.0,40210.0,,,49.0,,1331.0
2020-11-08,1403,712,19,23744,,652.0,34233.0,,,36.0,,1403.0
2020-11-09,1485,751,62,24416,,556.0,25651.0,,,81.0,,1485.0
2020-11-10,1574,780,74,25136,,769.0,32887.0,,,84.0,,1574.0
2020-11-11,1667,839,68,25896,,790.0,34561.0,,,82.0,,1667.0
2020-11-12,1756,912,61,26679,,854.0,39930.0,,,82.0,,1756.0
2020-11-13,1852,943,64,27524,,840.0,40187.0,,,82.0,,1852.0
2020-11-14,1944,937,41,28490,,823.0,41645.0,,,46.0,,1944.0
2020-11-15,2039,1070,0,29459,,570.0,36069.0,,,33.0,,2039.0
2020-11-16,2130,1098,69,30422,,520.0,24718.0,,,79.0,,2130.0
2020-11-17,2215,1168,71,31398,,825.0,36097.0,,,80.0,,2215.0
2020-11-18,2312,1201,72,32437,,790.0,34144.0,,,77.0,,2312.0
2020-11-19,2394,1229,63,33539,,783.0,39789.0,,,79.0,,2394.0
2020-11-20,2476,1275,70,34670,,799.0,43237.0,,,80.0,,2476.0
2020-11-21,2668,1335,57,35946,,737.0,43103.0,,,45.0,,2668.0
2020-11-22,2926,1449,20,37403,,593.0,38023.0,,,30.0,,2926.0
2020-11-23,3179,1628,80,38874,,566.0,26468.0,,,79.0,,3179.0
2020-11-24,3421,1769,85,40441,,917.0,33683.0,,,80.0,,3421.0
2020-11-25,3669,1862,79,42169,,826.0,32994.0,,,80.0,,3669.0
2020-11-26,3687,1898,63,43895,,826.0,39785.0,,,78.0,,3687.0
2020-11-27,3695,1991,70,45529,,884.0,38407.0,,,80.0,,3695.0
2020-11-28,3701,1835,62,47333,,874.0,39849.0,,,44.0,,3701.0
2020-11-29,3691,1830,20,49174,,567.0,37043.0,,,32.0,,3691.0
2020-11-30,3697,1890,85,50896,,597.0,24218.0,,,78.0,,3697.0
2020-12-01,3684,1873,82,52625,,896.0,31487.0,,,79.0,,3684.0
2020-12-02,3692,2940,69,53308,,827.0,34076.0,,,78.0,,3692.0
2020-12-03,3694,2437,57,54508,,817.0,41108.0,,,78.0,,3694.0
2020-12-04,3726,3117,58,55059,,823.0,39802.0,,,77.0,,3726.0
2020-12-05,3753,1903,47,56862,,859.0,42810.0,,,42.0,,3753.0
2020-12-06,3741,697,31,59875,,703.0,36736.0,,,30.0,,3741.0
2020-12-07,3734,1811,86,61712,,612.0,26499.0,,,77.0,,3734.0
2020-12-08,3761,1921,83,63469,4402.0,933.0,34775.0,,,78.0,4402.0,4402.0
2020-12-09,3774,1918,79,65246,5144.0,850.0,35752.0,,,77.0,4773.0,4773.0
2020-12-10,3779,2380,69,66576,4592.0,881.0,44588.0,,,78.0,4712.666666666667,4712.666666666667
2020-12-11,3776,2369,79,67904,4247.0,893.0,44511.0,,,77.0,4596.25,4596.25
2020-12-12,3768,2151,67,69454,1338.0,886.0,39681.0,,,44.0,3944.6,3944.6
2020-12-13,3771,1903,64,71258,1418.0,736.0,40525.0,,,30.0,3523.5,3771.0
2020-12-14,3765,1886,72,73065,4459.0,649.0,26950.0,,,77.0,3657.1428571428573,3765.0
2020-12-15,3758,3168,69,73586,4106.0,1033.0,31533.0,,,79.0,3713.25,3758.0
2020-12-16,3763,3066,79,74204,4371.0,966.0,35593.0,,,78.0,3786.3333333333335,3786.3333333333335
2020-12-17,3757,3050,84,74827,4636.0,979.0,41035.0,,,78.0,3871.3,3871.3
2020-12-18,3754,3025,75,75481,4025.0,913.0,40636.0,,,78.0,3885.2727272727275,3885.2727272727275
2020-12-19,3759,2326,73,76841,1005.0,893.0,45108.0,674.0,,45.0,3645.25,3759.0
2020-12-20,3752,1870,77,78646,962.0,751.0,39838.0,1035.0,,31.0,3438.846153846154,3752.0
2020-12-21,3760,1899,82,80425,4178.0,632.0,28925.0,1545.0,,78.0,3491.6428571428573,3760.0
2020-12-22,3749,2617,75,81482,3505.0,974.0,31435.0,2171.0,,80.0,3492.5333333333333,3749.0
2020-12-23,3756,2653,72,82513,4733.0,903.0,35258.0,3028.0,204.0,80.0,3570.0625,3756.0
2020-12-24,3751,3034,76,83154,4158.0,1028.0,35289.0,3879.0,,80.0,3604.6470588235293,3751.0
2020-12-25,3755,3906,82,82921,3904.0,936.0,43110.0,4180.0,,79.0,3621.277777777778,3755.0
2020-12-26,3761,3128,74,83480,3492.0,916.0,42458.0,4268.0,,53.0,3614.4736842105262,3761.0
2020-12-27,3748,2248,75,84905,,773.0,37890.0,4898.0,,37.0,3614.4736842105262,3748.0
2020-12-28,3757,2109,79,86474,3845.0,694.0,22338.0,5757.0,,77.0,3585.157894736842,3757.0
2020-12-29,3764,4278,78,85882,4298.0,851.0,33149.0,5870.0,,77.0,3540.6315789473683,3764.0
2020-12-30,3758,3573,84,85983,,881.0,34763.0,5927.0,,71.0,3482.222222222222,3758.0
2020-12-31,3746,3058,75,86596,1554.0,869.0,39161.0,5942.0,,30.0,3332.6111111111113,3746.0
2021-01-01,3742,945,76,89317,888.0,638.0,32611.0,6066.0,262.0,8.0,3307.6111111111113,3742.0
2021-01-02,3738,906,80,92069,1579.0,570.0,16777.0,6269.0,262.0,19.0,3316.5555555555557,3738.0
2021-01-03,3657,1626,79,94021,1797.0,690.0,13183.0,7014.0,262.0,26.0,3168.6666666666665,3657.0
2021-01-04,3649,1729,73,95868,2195.0,717.0,10902.0,8067.0,262.0,36.0,3062.5,3649.0
2021-01-05,3341,1788,58,97363,1581.0,792.0,16253.0,9347.0,269.0,38.0,2907.5,3341.0
2021-01-06,3005,1836,69,98463,2140.0,794.0,20837.0,10127.0,269.0,37.0,2768.8333333333335,3005.0
2021-01-07,3017,1756,55,99669,1163.0,799.0,21800.0,11597.0,344.0,29.0,2609.8333333333335,3017.0
2021-01-08,3006,1641,69,100965,2033.0,725.0,18651.0,13007.0,384.0,36.0,2666.9444444444443,3006.0
2021-01-09,3010,2684,50,101241,2141.0,698.0,20297.0,13692.0,384.0,32.0,2732.4444444444443,3010.0
2021-01-10,3004,1873,42,102330,1505.0,670.0,25602.0,15352.0,630.0,24.0,2583.9444444444443,3004.0
2021-01-11,2731,1258,68,103735,3609.0,596.0,25340.0,17025.0,1099.0,75.0,2589.722222222222,2731.0
2021-01-12,3003,3425,78,103235,4205.0,823.0,29983.0,18477.0,1795.0,77.0,2560.3888888888887,3003.0
2021-01-13,3041,3551,83,102642,4011.0,785.0,37389.0,19885.0,2592.0,76.0,2552.222222222222,3041.0
2021-01-14,3094,3915,72,101749,3274.0,750.0,38105.0,21872.0,3475.0,75.0,2517.222222222222,3094.0
2021-01-15,3253,3625,67,101310,3636.0,718.0,36812.0,22349.0,3913.0,75.0,2525.222222222222,3253.0
2021-01-16,3316,3072,59,101495,1233.0,710.0,36812.0,22489.0,3967.0,36.0,2457.2105263157896,3316.0
2021-01-17,3287,1168,55,103559,1095.0,493.0,28134.0,24817.0,4537.0,28.0,2312.4736842105262,3287.0
2021-01-18,3281,2259,69,104512,2903.0,463.0,16389.0,27499.0,4986.0,79.0,2239.0526315789475,3281.0
2021-01-19,3347,2855,72,104932,4006.0,676.0,21478.0,30159.0,5367.0,80.0,2327.4,3347.0
2021-01-20,3112,4194,79,103771,3400.0,565.0,26700.0,32453.0,5590.0,80.0,2419.7,3112.0
2021-01-21,3104,4696,59,102120,3195.0,607.0,31108.0,35031.0,5643.0,78.0,2535.05,3104.0
2021-01-22,3056,4205,73,100898,3052.0,611.0,30753.0,35920.0,5677.0,79.0,2608.7,3056.0
2021-01-23,2929,2260,61,101506,725.0,489.0,30798.0,36225.0,5801.0,41.0,2555.1,2929.0
2021-01-24,2116,899,59,102664,436.0,373.0,25364.0,39441.0,6687.0,28.0,2467.15,2467.15
2021-01-25,1510,2422,58,101694,2928.0,415.0,14958.0,43542.0,7761.0,81.0,2534.5,2534.5
2021-01-26,1813,5795,70,97642,2761.0,593.0,19072.0,49408.0,8860.0,81.0,2565.55,2565.55
2021-01-27,2128,4124,69,95577,2621.0,521.0,24302.0,56068.0,9691.0,82.0,2638.45,2638.45
2021-01-28,2284,3628,51,94182,2122.0,610.0,30741.0,61894.0,11150.0,82.0,2642.9,2642.9
2021-01-29,2512,3409,64,93221,1314.0,498.0,29385.0,64812.0,12221.0,81.0,2601.55,2601.55
2021-01-30,2160,1437,47,93897,992.0,546.0,28675.0,66060.0,12588.0,43.0,2575.9,2575.9
2021-01-31,1842,1273,53,94413,926.0,335.0,23093.0,72334.0,15027.0,31.0,2441.75,2441.75
2021-02-01,1484,1924,65,93908,2792.0,343.0,12771.0,78954.0,16845.0,80.0,2371.1,2371.1
2021-02-02,1916,3627,55,92142,2487.0,549.0,13835.0,86479.0,18280.0,81.0,2294.9,2294.9
2021-02-03,1571,3153,53,90507,2154.0,491.0,21275.0,94463.0,19609.0,80.0,2238.9,2238.9
2021-02-04,1463,3012,38,88920,1868.0,436.0,26922.0,102304.0,21417.0,80.0,2150.5,2150.5
2021-02-05,1248,2472,45,87651,2466.0,421.0,25942.0,106894.0,21891.0,78.0,2212.15,2212.15
2021-02-06,1175,2339,39,86448,1316.0,384.0,25203.0,109085.0,22007.0,41.0,2223.2,2223.2
2021-02-07,1551,1090,41,86868,627.0,260.0,22838.0,117586.0,24310.0,29.0,2109.4,2109.4
2021-02-08,1078,3739,61,84146,2416.0,251.0,12003.0,126473.0,27011.0,80.0,2029.9,2029.9
2021-02-09,1169,3589,54,81672,1938.0,376.0,14557.0,135606.0,29481.0,81.0,1956.8,1956.8
2021-02-10,1127,3333,61,79405,2149.0,346.0,20875.0,144493.0,31867.0,79.0,1904.5,1904.5
2021-02-11,1134,3446,58,77035,2193.0,401.0,25124.0,153767.0,34256.0,80.0,1861.55,1861.55
2021-02-12,1130,2678,52,75435,1539.0,381.0,24842.0,158563.0,35009.0,79.0,1902.25,1902.25
2021-02-13,1099,1545,55,74934,473.0,350.0,24842.0,160626.0,35287.0,43.0,1904.1,1904.1
2021-02-14,1093,1497,49,74481,313.0,280.0,19450.0,168745.0,38340.0,32.0,1773.35,1773.35
2021-02-15,1082,2931,48,72584,1553.0,257.0,12241.0,178247.0,42424.0,80.0,1712.95,1712.95
2021-02-16,1103,2882,37,70768,1268.0,404.0,12649.0,187661.0,47716.0,82.0,1645.3,1645.3
2021-02-17,1094,3234,42,68586,1785.0,384.0,18918.0,196173.0,54324.0,81.0,1628.45,1628.45
2021-02-18,1087,3676,47,65950,1874.0,443.0,23902.0,205343.0,59773.0,79.0,1656.45,1656.45
2021-02-19,1092,2696,52,64294,1989.0,365.0,22885.0,213220.0,62708.0,82.0,1706.3,1706.3
2021-02-20,996,2350,49,62891,1349.0,412.0,22642.0,215407.0,64225.0,76.0,1727.45,1727.45
2021-02-21,957,1018,47,62783,320.0,405.0,22941.0,217384.0,68517.0,38.0,1603.85,1603.85
2021-02-22,913,1723,41,61932,568.0,265.0,14457.0,219125.0,72019.0,39.0,1507.9,1507.9
2021-02-23,909,1490,37,61314,324.0,245.0,11579.0,226188.0,80459.0,28.0,1416.4,1416.4
2021-02-24,911,2301,48,59876,1245.0,259.0,7408.0,234180.0,88772.0,82.0,1385.25,1385.25
2021-02-25,947,1667,40,59116,1372.0,430.0,11623.0,242383.0,97183.0,84.0,1330.55,1330.55
2021-02-26,951,2538,39,57490,1240.0,427.0,18953.0,245941.0,101345.0,83.0,1326.75,1326.75
2021-02-27,939,1228,38,57163,558.0,432.0,26358.0,246992.0,103545.0,46.0,1323.3,1323.3
2021-02-28,943,1320,35,56751,296.0,259.0,20337.0,253674.0,112254.0,33.0,1217.3,1217.3
2021-03-01,937,2659,49,54980,1642.0,265.0,14790.0,260505.0,120652.0,84.0,1202.5,1202.5
2021-03-02,962,2635,39,53268,1707.0,420.0,14328.0,267676.0,129439.0,87.0,1180.4,1180.4
2021-03-03,986,2609,48,51597,1292.0,333.0,22130.0,274018.0,137751.0,86.0,1135.35,1135.35
2021-03-04,983,2591,26,49963,1351.0,378.0,23641.0,280053.0,146886.0,87.0,1125.95,1125.95
2021-03-05,975,2750,39,48149,1251.0,436.0,23520.0,282668.0,151389.0,86.0,1164.85,1164.85
2021-03-06,968,1402,37,47678,375.0,357.0,23052.0,283625.0,153144.0,52.0,1167.95,1167.95
2021-03-07,956,1411,43,47180,377.0,248.0,19005.0,284395.0,155706.0,42.0,1109.15,1109.15
2021-03-08,941,1372,42,46707,285.0,191.0,12608.0,288855.0,167235.0,34.0,1060.0,1060.0
2021-03-09,959,2749,52,44865,1179.0,231.0,5915.0,294706.0,176918.0,83.0,1029.7,1029.7
2021-03-10,961,2805,40,42981,1063.0,352.0,10740.0,299771.0,185827.0,84.0,989.15,989.15
2021-03-11,957,2861,46,41031,1262.0,369.0,19164.0,305182.0,195382.0,85.0,952.8,957.0
2021-03-12,943,2326,46,39602,1362.0,344.0,22946.0,306878.0,200575.0,85.0,953.45,953.45
2021-03-13,937,841,37,39661,307.0,374.0,25425.0,307609.0,202069.0,45.0,952.8,952.8
2021-03-14,933,684,45,39865,361.0,226.0,20691.0,311530.0,207568.0,33.0,942.45,942.45
2021-03-15,916,1174,42,39565,979.0,253.0,11891.0,315693.0,210920.0,85.0,975.2,975.2
2021-03-16,927,997,30,39465,737.0,337.0,12520.0,319463.0,217626.0,88.0,949.8,949.8
2021-03-17,918,2041,33,38309,1500.0,363.0,18778.0,322794.0,225294.0,88.0,956.2,956.2
2021-03-18,921,2027,38,37165,1229.0,308.0,26317.0,326049.0,233119.0,87.0,955.65,955.65
2021-03-19,899,1073,36,36955,841.0,362.0,24315.0,327587.0,236187.0,86.0,969.8,969.8
2021-03-20,881,291,37,37508,379.0,327.0,24330.0,328615.0,237044.0,47.0,973.95,973.95
2021-03-21,865,245,35,38093,270.0,226.0,20722.0,332322.0,243738.0,35.0,905.35,905.35
2021-03-22,812,1363,42,37500,1130.0,224.0,11245.0,336769.0,250563.0,83.0,876.5,876.5
2021-03-23,807,705,35,37567,904.0,327.0,12150.0,341316.0,257424.0,86.0,857.1,857.1
2021-03-24,804,1273,37,37061,1090.0,308.0,18731.0,346914.0,263529.0,87.0,844.05,844.05
2021-03-25,782,1615,36,36192,1054.0,313.0,22521.0,354154.0,269494.0,86.0,834.2,834.2
2021-03-26,749,1192,32,35717,1164.0,334.0,21025.0,358131.0,271699.0,84.0,873.65,873.65
2021-03-27,701,780,33,35605,296.0,323.0,20236.0,359843.0,272319.0,53.0,869.6,869.6
2021-03-28,697,713,30,35559,161.0,197.0,18533.0,368057.0,274342.0,43.0,863.4,863.4
2021-03-29,719,1061,36,35181,1130.0,221.0,12853.0,376357.0,278720.0,92.0,860.95,860.95
2021-03-30,715,978,37,34881,746.0,363.0,12351.0,384078.0,284106.0,90.0,845.1,845.1
2021-03-31,710,1101,31,34459,918.0,333.0,23601.0,392126.0,289240.0,89.0,827.9,827.9
2021-04-01,708,1037,29,34101,860.0,324.0,22405.0,401057.0,294321.0,93.0,802.8,802.8
2021-04-02,717,1019,36,33763,800.0,323.0,22979.0,405074.0,296101.0,91.0,827.45,827.45
2021-04-03,711,955,28,33491,272.0,343.0,19542.0,406838.0,296742.0,51.0,823.0,823.0
2021-04-04,707,816,27,33355,209.0,205.0,12591.0,414934.0,301006.0,38.0,784.5,784.5
2021-04-05,702,1342,31,32684,1060.0,259.0,12361.0,423594.0,304905.0,90.0,800.65,800.65
2021-04-06,705,939,36,32414,851.0,342.0,17869.0,432606.0,308784.0,91.0,768.2,768.2
2021-04-07,695,938,33,32138,875.0,298.0,23095.0,441581.0,311912.0,92.0,750.5,750.5
2021-04-08,703,929,30,31882,893.0,287.0,21648.0,450728.0,315041.0,91.0,753.1,753.1
2021-04-09,699,953,31,31597,958.0,299.0,21088.0,454890.0,316472.0,92.0,782.05,782.05
2021-04-10,694,68,19,32204,162.0,328.0,18056.0,456549.0,317495.0,53.0,776.65,776.65
2021-04-11,706,252,34,32624,177.0,199.0,11153.0,463705.0,321232.0,46.0,729.0,729.0
2021-04-12,701,1194,30,32101,951.0,188.0,12542.0,471559.0,325806.0,96.0,731.35,731.35
2021-04-13,712,977,28,31808,859.0,274.0,18671.0,479424.0,330302.0,96.0,719.8,719.8
2021-04-14,719,1456,27,31044,939.0,299.0,23012.0,487411.0,335844.0,94.0,714.05,719.0
2021-04-15,704,419,30,31299,770.0,292.0,20538.0,495390.0,342752.0,95.0,694.35,704.0
2021-04-16,701,746,32,31222,933.0,291.0,22627.0,498558.0,346220.0,95.0,726.2,726.2
2021-04-17,695,163,29,31725,167.0,317.0,18082.0,499808.0,347756.0,61.0,726.5,726.5
2021-04-18,692,332,26,32059,178.0,213.0,11162.0,505902.0,355950.0,48.0,678.9,692.0
2021-04-19,687,1613,35,31098,1112.0,186.0,12732.0,512964.0,363791.0,95.0,697.2,697.2
2021-04-20,693,1171,34,30586,838.0,299.0,16660.0,519952.0,371214.0,97.0,693.2,693.2
2021-04-21,682,906,35,30327,852.0,292.0,23651.0,527069.0,379261.0,91.0,692.8,692.8
2021-04-22,694,1001,37,29983,886.0,281.0,20410.0,534166.0,387698.0,96.0,697.1,697.1
2021-04-23,689,1012,39,29621,795.0,305.0,21186.0,537313.0,391418.0,94.0,723.25,723.25
2021-04-24,701,973,28,29321,294.0,333.0,17035.0,538558.0,392940.0,57.0,727.5,727.5
2021-04-25,706,834,37,29156,152.0,204.0,13892.0,544646.0,401427.0,39.0,682.1,706.0
2021-04-26,712,972,38,28858,1053.0,188.0,11956.0,551333.0,409732.0,91.0,692.2,712.0
2021-04-27,723,1087,34,28460,871.0,303.0,18894.0,557301.0,418488.0,94.0,692.0,723.0
2021-04-28,716,1040,27,28109,942.0,288.0,22902.0,563306.0,426893.0,95.0,694.45,716.0
2021-04-29,725,1011,33,27790,826.0,307.0,23489.0,568822.0,435969.0,97.0,687.85,725.0
2021-04-30,737,978,34,27515,951.0,334.0,24167.0,570335.0,438652.0,97.0,727.3,737.0
2021-05-01,718,982,36,27215,399.0,228.0,18746.0,571291.0,439956.0,51.0,738.4,738.4
2021-05-02,704,755,34,27130,336.0,213.0,8648.0,573057.0,443242.0,46.0,707.65,707.65
2021-05-03,709,801,34,27004,339.0,207.0,11203.0,576666.0,452149.0,45.0,681.65,709.0
2021-05-04,711,873,33,26809,901.0,234.0,9199.0,580463.0,460540.0,66.0,679.75,711.0
2021-05-05,715,881,35,26608,783.0,287.0,15894.0,584290.0,468053.0,71.0,680.4,715.0
2021-05-06,722,871,31,26428,967.0,323.0,17470.0,588223.0,475310.0,67.0,682.1,722.0
2021-05-07,726,861,34,26259,875.0,327.0,19646.0,590322.0,478178.0,68.0,717.5,726.0
2021-05-08,729,821,37,26130,402.0,353.0,16210.0,590953.0,478930.0,46.0,728.7,729.0
2021-05-09,724,732,30,26092,365.0,273.0,12678.0,592573.0,481963.0,48.0,691.35,724.0
2021-05-10,717,809,35,25965,399.0,241.0,10772.0,596806.0,491547.0,47.0,669.4,717.0
2021-05-11,734,933,39,25727,1213.0,302.0,15986.0,602027.0,499874.0,100.0,687.45,734.0
2021-05-12,741,1042,31,25395,1095.0,379.0,22201.0,606880.0,507555.0,100.0,697.9,741.0
2021-05-13,739,1164,35,24935,1229.0,433.0,30133.0,615014.0,515524.0,100.0,719.6,739.0
2021-05-14,749,1676,34,23974,1307.0,407.0,27582.0,619580.0,518527.0,100.0,770.25,770.25
2021-05-15,767,1069,36,23636,518.0,446.0,23964.0,621865.0,519656.0,65.0,788.55,788.55
2021-05-16,763,666,39,23694,334.0,339.0,15010.0,626822.0,526303.0,51.0,752.6,763.0
2021-05-17,772,1032,43,23391,1404.0,254.0,12955.0,632212.0,533174.0,100.0,779.25,779.25
2021-05-18,784,1427,37,22711,1351.0,443.0,18333.0,638252.0,539209.0,100.0,799.7,799.7
2021-05-19,791,1501,40,21961,1293.0,403.0,25647.0,643893.0,545028.0,100.0,823.05,823.05
2021-05-20,815,1266,43,21467,1171.0,413.0,24114.0,649986.0,550844.0,100.0,834.05,834.05
2021-05-21,833,1327,35,20938,1485.0,397.0,23272.0,652750.0,552562.0,97.0,888.35,888.35
2021-05-22,842,414,40,21326,476.0,421.0,23488.0,653932.0,553352.0,64.0,895.35,895.35
2021-05-23,851,116,38,22023,312.0,284.0,14176.0,659835.0,556163.0,41.0,894.0,894.0
2021-05-24,844,1266,46,21555,1530.0,270.0,13842.0,665943.0,559976.0,96.0,925.45,925.45
2021-05-25,839,1161,39,21194,1362.0,462.0,20157.0,671816.0,563955.0,99.0,954.4,954.4
2021-05-26,836,1391,31,20608,1495.0,404.0,26832.0,677650.0,567538.0,92.0,980.8,980.8
2021-05-27,840,1172,33,20243,1375.0,443.0,25190.0,684087.0,571398.0,98.0,1005.8,1005.8
2021-05-28,846,1248,41,19800,1697.0,421.0,26263.0,687097.0,573186.0,97.0,1070.55,1070.55
2021-05-29,829,498,39,20092,596.0,443.0,23735.0,688078.0,573720.0,63.0,1082.1,1082.1
2021-05-30,822,813,40,20061,,321.0,15928.0,694264.0,576570.0,53.0,1118.0526315789473,1118.0526315789473
2021-05-31,817,1249,38,19591,1730.0,329.0,17334.0,700711.0,580412.0,97.0,1145.2631578947369,1145.2631578947369
2021-06-01,828,1000,36,19383,1670.0,510.0,21582.0,,,100.0,1175.5263157894738,1175.5263157894738
